ANOMIA67	POWERL67	ANOMIA71	POWERL71	EDUC	SEI		
13.197	14.181	17.632	16.355	12.176	5.186 
18.031	17.068	13.057	13.598	11.95	2.637 
14.784	12.04	15.374	12.906	13.634	5.927 
19.895	19.79	16.681	16.742	5.606	0.838 
14.041	15.45	17.596	12.048	14.022	2.499 
13.253	17.444	15.299	14.762	10.267	1.878 
12.268	10.371	10.69	9.262	14.758	6.316 
8.65	13.76	15.663	15.525	10.452	4.66 
19.62	18.355	16.13	18.612	11.328	3.56 
9.545	9.874000000000001	9.557	11.646	13.343	5.741 
7.878	11.994	10.74	11.214	11.519	6.01 
13.263	10.361	18.452	18.164	9.045999999999999	1.329 
19.165	16.157	16.645	16.286	9.307	3.179 
13.679	14.809	16.465	13.428	9.185	3.578 
15.093	17.511	15.482	15.002	9.919	5.589 
15.247	13.809	19.403	18.627	6.442	3.387 
11.742	14.554	14.964	13.45	10.304	4.531 
18.418	18.286	14.998	10.894	9.382	1.481 
15.062	13.563	19.518	15.332	9.782999999999999	4.667 
14.922	17.007	9.535	15.281	13.274	5.542 
15.82	19.199	16.939	19.466	9.298	3.581 
19.496	16.452	21.672	16.661	12.545	4.442 
9.862	9.202999999999999	1.574	8.23	16.563	5.078 
15.923	16.017	13.899	16.274	8.784000000000001	3.452 
20.401	15.709	21.372	19.647	9.695	3.041 
11.071	15.285	11.409	14.125	11.546	3.928 
9.795	13.374	16.455	16.227	9.337	2.328 
8.676	10.838	7.489	7.663	11.066	4.62 
7.118	9.377000000000001	14.281	15.74	12.613	5.494 
18.908	17.417	17.727	22.037	5.849	1.637 
19.578	18.816	14.971	14.668	14.064	5.247 
13.67	14.989	13.412	18.326	12.389	4.632 
12.544	12.883	20.743	19.93	10.981	1.416 
13.43	10.388	9.951000000000001	12.927	16.044	5.795 
4.709	8.49	12.152	12.255	17.803	8.750999999999999 
7.172	11.38	12.512	13.329	16.134	4.677 
14.484	19.526	16.87	21.846	2.798	0.965 
12.456	11.09	12.242	9.465999999999999	8.332000000000001	3.594 
16.719	15.938	13.47	16.501	5.899	8.9E-02 
5.635	8.677	9.792	10.381	12.243	3.018 
10.151	17.096	16.304	17.555	7.133	3.351 
6.537	15.234	7.101	11.011	11.211	6.021 
15.685	17.154	15.647	17.382	9.6	2.166 
11.816	13.046	15.872	17.867	8.422000000000001	1.461 
16.489	15.069	13.722	15.258	9.052	3.653 
14.962	18.899	15.64	15.03	11.475	5.214 
19.199	20.813	22.199	22.263	4.278	2.449 
15.174	17.664	16.118	16.49	9.131	3.551 
8.542999999999999	12.423	10.996	14.141	10.577	4.134 
12.015	11.147	16.124	21.059	9.19	2.907 
14.745	17.598	18.303	18.794	7.932	2.956 
12.563	13.125	17.276	21.161	9.747999999999999	0.624 
20.158	26.181	15.565	17.257	7.242	2.456 
9.333	14.713	9.217000000000001	13.523	8.561	1.335 
10.936	12.673	9.378	14.546	11.676	1.841 
10.744	16.217	20.204	21.571	7.991	5.617 
15.205	14.863	12.859	14.832	8.401999999999999	2.177 
11.677	10.892	9.042	15.281	9.019	0.347 
10.651	11.272	6.536	10.922	15.863	5.408 
13.476	17.834	16.352	21.863	8.378	1.183 
15.002	15.462	17.95	16.5	13.395	1.263 
16.259	18.59	12.436	18.615	10.97	6.465 
11.869	10.471	12.956	9.246	11.199	4.466 
12.907	15.482	15.027	12.724	12.044	9.314 
9.372	9.932	12.052	8.955	8.827999999999999	6.316 
15.164	12.571	16.868	15.211	13.657	6.475 
10.556	9.375999999999999	10.729	12.196	13.519	4.185 
17.308	17.461	17.935	19.982	8.923999999999999	3.589 
17.848	17.236	19.608	20.17	8.343	3.538 
16.542	21.384	18.851	21.049	7.69	-0.742 
17.789	19.893	17.204	19.013	12.735	5.492 
12.168	15.103	12.142	12.336	14.662	2.038 
25.121	16.352	20.72	17.498	14.324	4.936 
15.554	16.011	13.707	15.257	11.297	4.378 
17.565	19.262	16.513	13.437	3.904	3.33 
17.194	14.271	17.096	17.75	10.157	2.604 
15.404	17.628	14.09	17.907	12.728	5.857 
14.503	19.177	14.583	16.337	12.679	4.218 
7.276	14.563	14.223	16.004	8.808	4.226 
21.728	17.565	17.458	19.736	5.076	2.325 
12.86	18.352	13.077	16.55	14.157	8.750999999999999 
12.524	12.226	18.622	16.54	12.055	5.491 
13.439	17.113	12.169	13.329	9.394	7.287 
12.621	17.479	13.966	10.94	9.167999999999999	2.387 
13.216	13.379	15.168	10.883	13.562	2.916 
11.343	13.902	12.459	13.233	12.15	4.755 
13.337	14.379	15.766	15.362	14.25	3.012 
16.875	11.781	13.302	13.795	10.25	0.339 
15.866	20.499	18.397	19.682	10.949	1.951 
10.998	14.178	18.955	14.98	12.547	3.201 
12.534	16.064	9.218	11.068	12.658	6.488 
8.218999999999999	14.302	12.054	15.853	12.244	2.312 
13.29	16.408	12.531	14.88	9.592000000000001	3.765 
15.831	12.482	18.407	13.122	13.033	7.608 
19.306	19.285	19.695	18.784	9.023	3.604 
13.188	13.467	14.48	17.888	13.492	1.752 
17.948	16.417	15.416	16.962	10.571	3.786 
17.477	19.421	15.072	18.371	7.674	0.858 
15.5	17.914	14.245	12.67	7.247	1.984 
19.944	18.986	13.4	11.348	5.234	0.504 
14.181	14.366	14.46	11.876	7.905	1.585 
14.332	13.616	16.057	14.643	6.804	1.515 
18.053	16.137	19.178	20.343	9.707000000000001	1.E-02 
10.166	9.712999999999999	13.195	13.307	11.985	4.249 
12.869	15.169	10.742	12.316	10.189	6.37 
18.139	15.464	16.737	15.769	7.76	2.259 
16.804	16.71	15.172	16.786	11.574	7.985 
16.053	19.818	14.992	19.442	10.657	1.704 
16.077	18.893	19.052	23.778	7.674	1.202 
9.391999999999999	10.86	10.128	8.881	8.112	2.343 
16.964	20.131	16.179	18.058	8.164	2.099 
21.886	20.528	20.14	18.175	6.189	3.065 
13.494	12.143	9.500999999999999	11.011	12.926	3.883 
13.142	17.708	11.973	13.857	10.921	4.808 
17.46	21.366	14.848	13.73	14.465	0.8070000000000001 
13.781	14.91	11.647	16.228	10.857	4.873 
18.161	22.514	12.831	18.202	7.77	3.817 
12.127	13.988	11.267	14.311	14.979	6.203 
20.337	17.561	18.802	18.473	6.414	1.561 
11.942	14.905	8.975	15.191	11.111	5.915 
12.717	15.974	14.393	12.926	11.171	5.751 
10.529	13.01	11.82	12.507	16.287	3.135 
12.841	10.84	13.092	10.943	17.109	6.712 
9.977	9.231	11.471	9.632999999999999	15.329	4.975 
14.294	12.481	11.737	8.762	14.131	4.488 
10.073	8.444000000000001	11.646	13.261	12.243	7.011 
19.032	18.48	16.825	17.645	14.962	4.045 
16.733	15.28	14.661	12.691	8.750999999999999	2.404 
15.467	14.152	18.74	17.846	11.006	7.405 
9.912000000000001	15.973	13.062	15.459	11.083	3.006 
8.702	10.229	12.508	10.971	11.476	6.134 
11.612	14.865	14.847	13.965	11.886	3.637 
16.125	16.163	14.54	14.061	7.275	2.217 
13.902	19.762	16.996	16.043	9.875	4.968 
13.55	17.091	18.241	17.322	10.013	2.226 
13.272	16.555	15.482	16.733	7.788	0.35 
15.34	14.874	17.564	17.928	11.077	0.547 
16.905	17.315	21.069	18.014	13.374	3.359 
13.615	14.76	22.194	21.911	6.286	3.164 
15.435	16.447	15.045	11.905	9.015000000000001	5.508 
17.675	15.707	14.976	16.575	7.478	2.743 
16.503	17.164	14.104	14.33	13.228	2.257 
11.377	16.31	15.112	15.959	12.047	3.528 
13.79	14.091	17.377	16.575	7.508	0.57 
16.005	20.707	12.562	19.218	7.828	-2.059 
7.062	9.595000000000001	10.452	9.875999999999999	16.294	2.504 
18.01	18.825	15.856	16.931	9.672000000000001	3.133 
13.827	12.411	10.174	8.519	15.635	5.84 
15.982	15.889	16.509	17.694	9.148	2.006 
16.919	16.937	17.3	18.201	12.912	3.415 
15.113	18.143	14.241	13.55	7.487	2.442 
14.06	14.571	10.276	7.784	7.479	3.109 
17.147	18.51	13.825	17.282	6.382	4.064 
10.611	13.455	8.381	13.232	13.754	4.131 
10.515	12.542	5.739	12.398	11.738	7.862 
14.912	12.694	16.227	20.488	5.564	4.123 
13.652	15.809	13.889	11.785	7.303	0.597 
14.982	13.386	9.846	15.524	12.578	1.776 
16.979	15.832	18.156	16.703	4.443	4.651 
16.041	20.312	17.105	17.763	5.288	1.5 
10.624	16.017	9.218999999999999	15.29	9.699	5.908 
10.985	12.991	12.14	11.572	14.143	6.012 
15.663	15.54	13.753	14.674	10.885	2.758 
8.515000000000001	11.58	11.945	15.492	9.999000000000001	2.121 
16.476	16.648	16.296	13.131	12.386	2.492 
14.389	16.1	13.281	20.297	9.916	4.608 
14.013	16.399	16.796	15.363	12.562	7.512 
17.731	16.221	16.303	15.611	4.964	0.794 
15.608	15.471	9.045	11.263	7.89	3.496 
9.564	13.197	10.357	14.296	14.29	6.762 
13.513	14.665	13.882	17.116	10.924	3.086 
14.351	13.283	13.782	16.627	15.512	3.744 
17.75	15.418	16.968	16.305	16.94	5.65 
7.84	15.361	6.47	12.494	12.246	3.634 
11.132	14.813	14.723	15.53	7.499	4.858 
17.275	17.617	18.697	21.058	13.72	3.463 
17.425	18.165	15.383	19.156	6.716	3.485 
18.096	16.141	16.363	18.339	5.629	2.752 
7.374	11.339	10.716	17.186	13.555	7.397 
21.12	20.147	21.334	18.981	7.236	1.477 
18.184	16.992	11.69	14.538	7.747	2.13 
17.53	16.456	16.272	16.546	9.843	3.62 
10.91	13.326	9.098000000000001	7.453	13.706	4.697 
15.97	17.395	9.525	13.499	6.651	2.048 
12.158	11.473	12.465	15.128	12.985	6.773 
11.12	12.949	13.155	11.974	12.458	7.63 
16.198	18.283	13.059	19.13	9.663	3.467 
9.124000000000001	10.301	12.159	12.251	7.416	4.385 
8.372	11.672	10.773	9.927	10.682	4.313 
10.416	13.275	15.481	14.322	11.248	4.533 
15.947	12.281	13.762	12.886	14.558	4.635 
13.17	13.055	15.152	15.78	10.869	5.559 
16.149	15.247	18.196	16.002	10.654	4.862 
14.2	12.533	15.168	15.022	12.135	5.032 
18.298	20.096	19.74	19.859	7.158	2.618 
8.122999999999999	14.552	13.607	11.729	14.783	5.11 
8.055	16.14	13.989	11.637	11.371	6.398 
15.9	11.685	13.353	16.215	16.098	7.468 
11.655	13.614	13.603	14.206	12.312	4.505 
18.117	18.997	24.374	26.812	10.632	0.5620000000000001 
16.185	17.605	19.972	19.327	6.811	4.758 
17.324	15.882	21.802	19.52	9.638	-0.647 
6.612	9.827999999999999	10.819	12.319	16.222	7.234 
12.553	17.217	14.263	17.236	10.43	1.159 
12.888	14.154	14.826	16.006	14.94	4.183 
9.210000000000001	10.367	10.962	13	12.19	5.467 
16.45	15.63	14.732	17.649	11.091	-0.394 
18.074	18.94	14.356	15.647	6.807	0.681 
16.017	19.554	16.482	18.583	12.582	4.199 
19.131	13.36	17.753	12.92	12.407	2.204 
10.638	13.177	15.401	12.962	11.752	2.981 
13.235	18.924	14.348	15.025	12.19	2.321 
20.275	21.783	21.134	21.615	9.69	7.385 
9.231	14.107	10.349	11.529	13.703	6.037 
8.752000000000001	12.568	13.759	17.569	17.091	7.376 
12.288	15.013	13.061	14.893	10.169	5.329 
19.708	16.364	18.849	19.787	3.97	0.697 
11.354	13.338	14.585	13.713	11.383	1.319 
12.426	14.971	14.333	15.425	10.806	3.768 
15.543	14.186	19.504	18.631	8.345000000000001	-0.5659999999999999 
13.448	16.153	14.683	19.343	15.942	3.209 
20.048	21.067	22.915	18.623	8.420999999999999	3.563 
11.59	11.369	10.728	6.425	11.457	5.071 
9.582000000000001	13.625	13.533	15.554	13.457	5.077 
14.004	15.454	12.15	14.18	8.291	3.979 
11.731	9.782	13.893	11.098	16.868	5.388 
17.907	15.374	16.533	14.882	9.292999999999999	5.79 
11.753	12.873	9.92	9.179	12.381	6.724 
6.819	5.876	6.565	11.253	18.094	7.634 
6.376	9.632999999999999	12.673	13.269	14.23	5.458 
10.388	15.734	14.686	11.445	12.113	3.954 
15.457	13.578	13.197	9.417999999999999	10.45	5.863 
14.57	16.57	15.792	13.273	8.545999999999999	3.248 
14.36	12.327	17.893	13.232	9.275	3.928 
8.991	16.861	15.091	18.363	12.437	6.192 
10.731	9.337999999999999	12.914	13.512	12.204	3.68 
17.989	15.849	18.347	14.795	12.623	3.85 
21.335	19.188	17.678	14.284	8.615	2.568 
18.275	18.641	17.816	16.69	9.209	3.058 
21.022	16.332	12.187	14.734	6.314	0.5590000000000001 
13.485	15.507	17.643	15.692	12.852	3.892 
11.524	13.084	10.813	14.26	13.587	7.613 
14.833	17.186	17.602	17.143	10.239	2.335 
11.285	15.225	14.304	15.299	15.845	8.209 
9.081	8.515000000000001	10.636	14.587	11.2	0.414 
15.63	12.305	13.603	13.808	12.928	2.9 
13.939	9.414	20.94	22.517	13.371	5.338 
4.414	8.294	11.763	11.165	14.797	4.318 
17.969	16.604	16.904	20.339	8.156000000000001	7.489 
9.167	13.996	11.218	13.531	16.976	6.787 
12.328	10.294	10.206	7.928	12.826	3.753 
11.71	15.882	14.823	15.522	12.046	4.616 
11.107	13.6	14.513	16.056	16.165	3.355 
14.686	14.581	16.277	15.102	12.732	4.561 
14.541	16.234	21.463	16.669	9.552	0.958 
5.492	8.717000000000001	7.276	9.673	11.159	6.293 
12.669	13.576	13.136	16.508	11.703	4.584 
10.885	15.472	19.969	21.01	12.308	4.691 
16.664	16.904	18.821	17.344	12.765	3.26 
10.473	14.954	15.175	12.941	13.51	5.747 
12.198	15.1	13.272	14.046	12.822	8.695 
14.561	12.4	9.808	13.238	15.886	0.985 
21.585	21.076	21.342	22.65	8.766	0.958 
10.847	10.315	6.813	7.186	15.762	8.593 
13.633	15.012	9.994999999999999	9.535	14.171	6.134 
11.083	13.276	14.056	15.048	12.077	6.768 
10.948	12.487	17.418	15.235	13.877	4.831 
12.097	12.329	14.021	13.398	12.467	6.802 
15.73	15.324	14.512	17.666	9.83	4.974 
14.341	12.289	14.468	15.873	13.582	4.245 
15.351	15.63	12.824	14.398	5.009	-0.5629999999999999 
19.799	16.347	17.26	18.096	7.169	4.395 
12.831	12.824	11.776	12.493	11.546	5.11 
9.961	12.57	12.828	14.544	8.084	0.353 
9.036	9.173999999999999	8.085000000000001	3.759	8.603	2.959 
14.902	17.144	16.194	15.654	9.273	-1.052 
7.224	10.695	11.345	13.254	15.442	5.743 
13.605	15.796	15.723	14.841	11.954	4.108 
14.427	14.672	8.664999999999999	13.928	11.412	5.031 
15.786	15.317	16.874	15.479	8.317	1.49 
11.501	12.555	6.813	10.673	14.65	3.01 
14.638	12.512	15.183	18.993	7.483	4.886 
11.297	14.891	14.844	13.817	12.156	5.182 
11.238	11.341	9.41	10.438	11.287	4.394 
11.022	10.138	14.24	14.791	16.997	6.899 
22.806	15.21	14.438	14.702	10.047	6.286 
13.095	18.403	13.867	18.369	10.689	2.888 
12.505	14.639	15.981	11.946	8.125	3.237 
17.116	17.043	19.725	13.497	6.814	5.115 
17.408	17.221	18.07	15.254	11.624	2.852 
15.278	14.711	16.728	19.5	9.407999999999999	0.989 
14.172	14.354	17.195	14.317	12.406	1.697 
14.494	16.802	17.764	16.563	13.68	2.737 
14.813	13.763	14.376	18.1	12.659	1.643 
16.705	15.307	15.469	12.525	10.12	2.675 
9.618	11.867	8.851000000000001	12.571	11.108	7.651 
10.181	8.225	7.694	12.018	8.728999999999999	6.096 
11.095	12.297	12.035	14.983	12.498	4.761 
15.022	16.487	15.516	18.194	4.869	0.8090000000000001 
9.058999999999999	10.045	6.103	8.725	16.352	6.151 
6.29	8.563000000000001	8.922000000000001	10.706	13.833	5.747 
13.892	13.861	16.278	17.735	7.193	2.093 
10.923	13.29	19.412	18.855	10.645	-0.603 
10.583	12.562	15.604	14.713	7.925	2.046 
8.282	12.262	9.704000000000001	11.798	13.055	7.648 
8.875	9.968999999999999	11.38	12.849	12.017	5.912 
15.393	14.266	9.302	11.239	10.777	3.951 
16.21	16.471	12.071	14.112	15.527	8.821 
10.345	15.145	15.509	17.321	12.227	4.522 
16.463	18.335	21.313	16.969	6.566	2.042 
8.57	9.786	13.548	13.307	16.305	3.074 
15.144	16.021	13.182	16.175	10.513	3.885 
9.146000000000001	13.918	11.845	13.851	9.435	1.31 
13.874	11.679	13.322	14.216	11.165	6.62 
16.36	19.309	12.766	13.817	12.884	2.005 
15.103	14.251	18.097	15.001	8.074999999999999	3.653 
15.226	16.074	13.012	15.519	8.587	4.471 
12.348	12.934	12.259	9.125	9.144	5.551 
22.065	22.958	23.448	21.362	4.527	-0.401 
12.64	16.099	11.992	14.684	16.564	6.673 
11.25	14.222	19.241	19.567	13.248	1.325 
13.402	16.996	19.654	15.134	7.739	4.276 
13.522	13.3	10.612	15.295	10.575	5.202 
14.706	18.311	14.321	15.94	14.132	5.813 
14.843	16.775	19.786	19.102	9.722	5.636 
12.582	19.828	17.223	20.267	10.833	1.807 
19.753	20.418	20.293	19.552	5.633	0.677 
18.252	15.34	11.352	17.766	8.484999999999999	2.567 
16.437	16.997	15.276	17.163	12.086	2.193 
13.067	15.497	19.048	18.576	6.182	4.211 
12.035	17.49	15.053	17.309	8.539	6.204 
7.642	12.896	8.460000000000001	13.571	12.395	2.839 
17.179	16.288	19.199	17.304	9.347	1.934 
12.278	14.728	15.306	14.755	9.913	1.276 
14.618	15.454	15.744	12.262	11.418	3.527 
13.698	14.097	15.276	18.722	9.26	5.498 
11.546	15.888	9.711	12.505	9.792	5.548 
16.247	15.928	13.071	14.562	14.88	5.612 
20.102	20.008	20.927	21.951	7.854	1.487 
14.647	16.341	13.298	12.943	3.92	1.819 
12.973	12.684	14.409	15.939	13.2	4.158 
13.837	14.762	15.365	15.799	12.566	2.872 
14.667	14.343	10.87	13.486	9.117000000000001	2.616 
11.932	11.818	14.983	16.008	11.843	0.679 
13.596	14.904	16.361	14.025	14.316	4.699 
13.92	20.364	11.299	13.833	12.76	7.241 
16.322	15.446	13.663	15.064	14.425	2.709 
11.468	14.885	15.514	15.063	14.028	2.844 
10.459	10.916	11.077	12.669	12.419	3.623 
10.041	12.023	11.856	13.154	6.285	1.015 
8.826000000000001	15.158	10.328	13.617	10.981	6.626 
11.911	13.958	11.886	12.423	11.93	6 
14.275	13.003	12.584	11.936	13.904	6.614 
17.77	18.619	18.122	13.073	6.73	2.439 
7.724	10.84	12.14	13.212	8.792	5.782 
18.597	16.845	17.214	10.746	8.028	1.413 
12.137	17.366	8.683	10.524	14.874	5.81 
9.994	7.275	16.262	13.559	11.192	4.589 
8.154999999999999	14.032	13.843	13.323	9.638	4.825 
16.347	18.801	16.32	14.322	7.997	1.405 
5.155	8.986000000000001	10.136	13.407	12.288	7.855 
9.353	14.445	12.659	13.834	7.103	4.291 
15.912	15.868	18.681	15.162	8.364000000000001	4.697 
16.596	10.806	12.407	12.029	14.813	5.208 
8.311999999999999	11.589	16.309	11.045	17.125	7.199 
11.984	14.154	10.313	14	15.723	5.151 
6.684	8.851000000000001	12.209	10.693	14.786	4.189 
11.838	14.662	13.047	12.65	12.751	3.821 
20.683	19.028	17.358	13.721	14.76	4.415 
7.004	9.606999999999999	15.899	13.558	16.853	5.894 
17.291	20.396	15.106	15.981	6.487	0.491 
8.622999999999999	12.337	7.143	7.414	12.088	8.189 
12.466	7.961	13.005	13.98	11.624	3.203 
9.811999999999999	13.928	15.967	13.141	5.501	2.679 
14.379	16.306	12.22	12.688	7.607	4.323 
12.238	13.66	12.181	18.897	8.954000000000001	3.54 
13.281	15.758	8.092000000000001	10.801	7.441	2.626 
11.623	16.347	15.501	15.158	16.802	4.63 
11.4	14.004	11.275	11.289	15.527	6.804 
12.248	15.884	5.183	7.132	17.724	7.545 
14.735	13.087	12.634	14.559	12.842	5.834 
11.601	19.568	15.685	18.004	8.247	3.464 
20.93	20.012	21.566	21.832	10.896	4.645 
12.631	10.851	12.002	12.45	17.936	6.664 
14.304	15.644	15.562	16.276	9.194000000000001	6.373 
15.993	18.555	16.671	14.185	10.764	4.306 
10.501	11.031	4.963	6.658	18.05	5.534 
13.3	14.208	14.26	16.039	17.129	8.542999999999999 
14.774	14.895	16.877	17.741	8.675000000000001	1.592 
12.387	12.815	9.971	11.847	17.641	3.529 
5.765	7.567	12.586	9.279	16.589	4.798 
15.032	12.775	16.904	18.819	8.939	1.263 
5.885	15.899	8.646000000000001	10.702	12.182	3.302 
2.099	6.65	4.97	8.708	14.469	7.064 
10.026	13.453	11.548	13.465	9.460000000000001	3.105 
9.879	11.012	6.841	5.979	14.778	5.604 
12.765	12.432	11.639	11.288	11.457	2.244 
14.257	17.311	16.229	15.7	10.34	3.997 
15.51	13.629	11.318	14.54	11.353	1.648 
12.935	16.783	10.28	14.834	12.642	6.084 
13.365	16.098	15.143	17.441	9.263999999999999	4.493 
20.844	19.219	20.498	20.966	5.854	1.155 
15.752	20.873	15.899	16.511	6.037	-1.813 
18.79	18.759	18.915	15.77	14.938	3.992 
9.708	13.98	10.966	12.968	12.199	4.361 
15.741	14.585	15.904	11.651	13.678	3.061 
10.359	13.977	9.359	15.463	10.442	1.987 
15.597	15.053	11.304	12.665	10.229	2.292 
20.536	18.205	20	12.937	12.346	3.559 
12.188	13.799	16.469	10.35	14.943	3.605 
12.784	14.448	11.686	11.755	7.949	3.052 
17.085	16.216	20.689	20.421	6.937	1.925 
11.806	15.343	15.258	16.631	9.882	4.4 
17.163	16.685	18.744	16.978	7.593	-1.541 
14.21	15.086	12.308	13.212	7.768	2.869 
17.039	14.931	14.824	15.221	9.382	2.078 
15.521	13.645	16.88	13.245	8.103	4.738 
11.89	11.74	11.402	14.366	8.340999999999999	0.184 
14.023	13.914	12.8	11.255	9.754	4.329 
13.8	10.849	14.227	13.976	17.02	7.275 
14.823	12.252	13.092	13.647	10.663	2.675 
12.954	12.391	14.234	15.187	11.649	2.201 
7.557	12.062	11.396	7.011	14.678	4.101 
11.859	7.974	12.109	10.141	14.274	4.409 
12.85	17.627	14.719	17.713	10.346	3.237 
11.901	15.913	13.571	17.358	14.016	5.492 
13.114	16.351	9.458	14.581	7.374	4.746 
18.878	20.377	16.716	18.877	6.707	3.449 
12.774	19.529	16.004	12.266	17.335	10.019 
7.467	9.148999999999999	16.844	16.919	10.976	4.487 
17.1	12.608	10.962	7.78	15.487	5.301 
11.308	14.381	12.469	13.898	10.99	5.192 
9.725	14.406	15.147	16.495	10.369	2.514 
17.131	15.177	17.267	11.231	10.709	7.266 
12.076	18.089	15.563	19.217	12.919	3.67 
16.761	15.037	12.021	9.358000000000001	14.3	3.586 
13.578	13.21	13.265	16.037	8.627000000000001	3.42 
17.341	19.195	15.949	17.593	4.429	0.173 
12.208	13.941	14.654	16.292	10.235	3.756 
15.123	17.016	18.743	16.637	8.760999999999999	1.205 
7.683	7.453	13.28	15.48	13.474	5.575 
10.873	12.265	15.883	14.651	6.784	9.5E-02 
13.967	16.888	13.253	13.937	17.07	4.663 
12.746	13.048	12.201	13.01	13.17	3.394 
16.529	14.599	13.392	12.736	11.771	3.863 
12.65	16.753	9.867000000000001	15.068	11.22	5.597 
10.373	9.602	12.258	12.104	16.757	3.6 
19.537	16.796	22.912	23.294	2.706	-0.509 
10.286	10.126	13.004	12.573	11.424	4.667 
13.976	13.902	13.399	12.323	8.612	2.536 
15.889	18.903	19.313	14.693	7.58	1.135 
16.637	16.901	8.686	12.477	12.04	4.284 
13.744	14.932	14.403	15.547	12.785	5.842 
17.656	16.478	12.606	13.785	14.863	1.604 
14.628	15.416	15.337	18.973	12.745	4.117 
9.896000000000001	15.244	14.151	16.208	12.118	4.326 
11.047	10.546	14.574	14.363	12.339	4.121 
14.522	14.928	14.671	14.05	12.076	1.314 
9.637	11.985	7.407	12.911	14.939	5.256 
11.059	12.946	14.039	14.729	8.743	2.657 
13.559	16.163	11.237	17.582	6.449	0.338 
13.855	15.25	15.826	18.784	12.524	4.252 
15.854	15.252	12.612	17.456	11.131	3.831 
15.012	17.83	16.669	14.742	10.588	0.338 
15.195	15.154	16.556	15.676	9.166	2.868 
8.401	10.156	9.007	13.305	18.95	9.07 
16.678	17.812	17.767	18.554	8.119999999999999	2.469 
11.568	14.024	13.895	16.015	13.69	4.207 
16.424	17.639	15.495	17.211	10.708	9.377000000000001 
16.173	19.353	16.821	24.166	10.475	3.61 
16.623	12.714	13.392	11.325	13.277	5.883 
15.072	12.636	15.519	13.35	13.314	5.679 
14.58	9.98	15.533	10.376	12.088	2.803 
12.707	15.848	13.186	13.756	11.203	3.341 
10.271	12.777	13.948	13.895	10.966	2.198 
10.33	14.143	10.279	15.81	10.781	6.699 
9.430999999999999	14.888	9.4	14.747	11.212	1.606 
14.803	16.41	12.651	12.035	7.749	3.221 
15.843	16.469	15.528	16.134	13.722	5.247 
19.846	16.025	17.202	14.444	6.433	3.186 
17.009	16.895	16.305	14.533	13.568	7.383 
9.272	11	7.628	13.788	14.047	4.094 
11.535	12.04	13.173	13.715	10.681	2.137 
13.244	17.233	24.146	20.172	7.356	3.014 
13.883	11.973	13.448	17.437	10.711	3.949 
12.308	10.457	11.135	11.535	8.52	3.754 
13.504	12.427	15.87	16.776	13.47	4.661 
13.057	12.998	16.276	15.297	11.27	3.133 
8.250999999999999	10.249	7.481	10.364	15.317	5.531 
19.457	17.817	11.863	12.838	10.247	-0.866 
13.104	12.149	12.312	12.749	13.607	2.821 
10.196	14.992	10.679	11.62	7.602	4.468 
18.57	20.099	22.344	20.731	9.555999999999999	3.938 
13.948	20.042	14.491	17.055	12.045	7.82 
15.083	16.804	18.089	16.163	11.246	2.295 
6.1	8.122999999999999	3.916	11.052	12.002	6.701 
20.467	21.403	18.89	19.257	8.867000000000001	0.416 
11.827	13.345	12.31	11.928	17.254	4.453 
16.556	19.77	16.434	15.214	12.853	2.953 
15.052	17.586	13.227	16.35	10.639	5.052 
18.677	17.479	21.773	17.556	4.615	0.5580000000000001 
9.76	15.47	10.079	11.272	10.65	6.78 
10.12	16.765	8.477	11.664	10.436	0.747 
13.085	17.964	11.686	13.701	11.137	2.305 
14.219	19.069	20.343	21.7	10.194	2.408 
11.389	14.367	8.885	10.811	15.325	5.798 
18.705	17.061	19.015	20.111	6.625	4.056 
4.95	10.658	12.378	12.709	15.731	5.711 
14.106	19.09	15.264	17.988	11.121	3.947 
15.641	13.222	14.126	14.402	12.256	6.987 
15.425	16.409	21.079	18.234	7.336	3.353 
9.470000000000001	11.163	14.832	19.328	8.294	3.808 
12.602	13.557	13.475	13.425	13.216	4.348 
12.679	14.808	14.037	11.242	13.81	7.982 
13.985	12.885	11.601	11.915	13.117	5.582 
17.548	14.708	20.15	21.4	9.59	3.307 
6.883	3.238	12.265	12.606	13.767	6.513 
13.001	14.953	12.773	16.004	8.846	2.674 
15.478	13.226	12.868	13.086	10.06	-1.652 
9.412000000000001	10.198	12.743	9.676	11.735	5.66 
18.819	18.796	17.229	15.826	6.322	0.9379999999999999 
17.374	15.759	14.931	14.256	9.054	1.295 
10.86	13.87	11.997	12.523	7.282	4.969 
3.462	11.755	6.143	7.899	15.071	3.466 
16.994	15.342	17.693	13.471	6.423	1.424 
13.587	15.204	15.271	16.971	11.857	1.677 
21.223	18.79	17.877	17.546	6.822	1.428 
11.155	13.175	17.229	16.796	8.169	3.948 
10.135	13.748	10.066	10.582	10.007	2.409 
12.258	15.624	11.834	12.252	10.112	2.207 
11.688	10.501	11.005	9.983000000000001	12.353	3.036 
11.953	18.496	13.378	18.353	4.725	2.465 
13.809	13.224	14.377	13.333	8.987	2.631 
12.025	9.401999999999999	7.745	6.619	17.39	5.984 
15.185	15.361	17.709	17.191	9.862	1.664 
18.733	16.757	12.411	15.185	13.344	2.732 
16.582	16.934	16.876	14.36	14.859	3.591 
10.104	14.52	13.544	15.544	8.015000000000001	0.832 
15.154	18.295	17.889	17.033	10.608	3.108 
13.039	16.116	16.79	14.991	10.639	4.766 
16.161	18.797	12.881	16.732	10.655	4.715 
7.951	7.657	9.345000000000001	12.507	15.201	3.659 
7.986	9.839	10.339	4.4	15.523	3.524 
15.267	16.783	17.756	21.308	7.552	4.916 
9.292	13.004	5.812	14.482	11.153	3.048 
12.803	12.777	15.721	12.87	15.686	6.184 
17.638	18.402	15.87	15.861	8.82	1.965 
19.996	15.985	14.665	11.704	11.408	0.919 
13.957	12.349	8.884	10.348	15.145	4.288 
17.243	18.887	16.552	20.716	8.276	3.214 
14.754	13.572	13.435	15.716	10.261	4.229 
19.269	19.976	18.646	17.751	8.599	2.604 
12.407	12.761	15.201	15.282	9.891999999999999	2.15 
11.774	15.081	13.149	13.47	7.147	3.354 
20.216	18.744	15.825	18.686	11.043	4.001 
10.664	14.949	10.535	12.236	8.055	4.011 
10.487	12.912	10.364	12.946	18.302	7.99 
14.513	15.832	20.785	19.48	17.307	4.841 
8.776999999999999	9.012	8.75	13.695	12.407	4.676 
15.216	16.802	9.521000000000001	13.466	12.234	5.019 
14.05	16.596	13.535	19.481	3.988	-4.644 
10.898	8.720000000000001	11.156	13.154	14.374	6.272 
14.863	16.115	18.726	16.763	6.374	1.766 
12.338	11.892	10.084	12.466	13.549	5.404 
14.872	19.125	18.812	17.216	7.875	3.809 
10.315	12.635	13.219	13.85	15.377	2.879 
13.457	15.38	10.032	9.853	17.509	6.169 
12.963	13.846	19.881	12.412	10.862	2.007 
10.704	15.525	10.159	11.904	11.141	6.304 
12.592	14.702	7.325	11.25	15.106	6.244 
12.357	15.594	11.538	17.355	8.093999999999999	1.812 
13.467	14.024	18.677	13.066	8.978	3.595 
16.029	19.209	16.48	13.809	10.723	2.058 
12.736	17.096	12.578	13.419	12.208	4.182 
12.087	20.678	18.2	19.43	7.641	3.398 
18.518	20.025	17.727	21.692	6.802	0.641 
9.489000000000001	16.176	12.632	13.46	7.145	1.641 
17.828	18.931	18.229	17.504	10.721	2.208 
14.032	13.53	14.331	15.112	13.954	5.706 
18.394	21.064	14.29	16.085	10.161	5.336 
14.163	13.06	14.811	16.875	7.24	2.682 
13.16	17.078	11.641	16.512	9.615	2.123 
17.21	16.076	16.342	17.075	10.445	1.056 
12.879	15.234	11.899	13.549	7.063	4.727 
11.579	14.797	14.647	12.627	9.114000000000001	5.585 
14.323	16.123	18.254	16.111	11.584	2.85 
18.229	19.093	16.407	16.717	9.388	-0.799 
11.32	15.689	8.987	13.749	11.128	4.912 
15.935	15.9	16.341	19.065	8.868	1.331 
17.358	16.127	20.157	18.894	11.376	3.984 
12.446	8.147	12.739	11.326	12.333	6.063 
11.191	14.809	19.1	19.865	12.026	6.639 
15.489	15.696	11.896	13.604	11.475	5.419 
9.846	10.264	14.048	17.008	11.029	4.2 
15.414	16.584	12.323	16.547	13.358	6.477 
16.691	15.349	21.636	20.241	6.888	0.299 
7.763	12.942	10.84	8.67	14.582	5.087 
9.776999999999999	10.397	8.821999999999999	8.757	8.138	2.648 
13.225	12.002	7.375	8.73	14.317	6.862 
12.475	17.466	13.557	13.897	14.984	1.228 
14.398	16.678	13.781	18.567	9.939	2.819 
9.829000000000001	11.515	8.353	12.398	9.590999999999999	5.338 
8.727	12.202	12.081	9.419	11.803	2.706 
17.867	17.785	16.094	17.015	12.3	7.245 
17.443	16.527	13.048	19.519	11.176	3.595 
16.297	17.152	17.793	20.329	3.669	0.324 
13.995	17.992	15.586	16.688	9.794	7.725 
9.313000000000001	15.358	7.08	13.92	12.498	3.282 
10.821	9.211	12.965	13.403	9.943	2.534 
11.994	10.783	16.403	14.906	8.829000000000001	3.318 
14.932	15.763	18.102	14.87	6.686	2.195 
12.417	8.836	9.930999999999999	12.031	7.811	3.382 
16.373	17.143	18.889	18.384	11.122	3.815 
4.029	8.111000000000001	5.038	10.001	13.501	6.787 
12.046	16.563	13.206	19.882	11.01	1.164 
15.719	16.273	16.946	19.602	5.515	3.279 
9.945	10.279	15.442	13.513	11.908	4.218 
14.238	13.988	16.403	16.796	8.073	1.681 
17.259	14.643	11.957	12.43	12.771	5.639 
16.949	16.483	12.644	15.64	9.093	3.051 
10.57	14.352	9.628	14.357	7.064	0.312 
10.01	12.134	16.329	13.424	11.406	2.599 
11.411	13.599	13.085	15.034	11.86	3.543 
12.066	14.409	15.345	17.806	12.603	2.633 
13.02	15.137	12.222	15.883	10.693	2.253 
13.865	19.245	16.111	18.924	10.171	6.748 
15.319	13.79	12.937	12.999	16.07	7.539 
14.972	13.925	6.534	11.17	8.664999999999999	2.574 
8.945	9.678000000000001	16.487	10.316	17.097	5.179 
11.262	18.205	14.428	17.352	13.475	6.129 
11.512	13.103	13.102	10.243	3.097	0.837 
13.642	14.239	16.837	16.744	13.002	4.489 
16.235	16.039	15.044	14.242	12.091	5.007 
14.715	18.637	8.598000000000001	17.258	9.728	1.941 
10.678	12.005	12.055	12.553	7.845	2.376 
8.089	7.203	11.235	14.972	13.831	5.79 
16.934	19.621	20.347	17.935	6.196	2.915 
14.228	20.132	17.884	18.437	11.834	5.502 
12.004	12.923	11.474	13.37	11.954	3.779 
13.716	14.576	18.23	17.04	12.991	3.779 
17.583	17.036	14.062	16.573	9.57	2.538 
16.1	17.802	11.202	14.598	8.413	5.883 
11.479	14.241	12.457	12.133	10.308	4.699 
11.227	12.665	15.865	15.833	13.651	3.261 
19.001	19.097	17.351	22.28	7.908	5.572 
13.624	10.721	11.373	10.372	9.821	3.58 
10.542	8.938000000000001	15.882	14.306	14.58	4.38 
17.62	17.992	16.273	16.07	4.73	2.587 
17.808	17.263	20.879	21.045	4.422	1.298 
13.772	12.369	16.28	12.865	10.784	3.534 
12.178	15.635	22.179	20.222	7.727	1.531 
16.284	15.671	15.86	16.831	6.98	-0.132 
23.191	18.48	18.217	17.809	9.833	2.165 
8.802	10.74	11.073	14.777	14.255	8.747 
11.49	17.291	11.917	12.501	10.512	0.274 
16.516	15.291	14.815	16.711	13.341	4.182 
15.446	14.498	13.607	15.743	12.216	1.601 
18.848	16.639	16.985	15.15	9.106	3.403 
11.203	10.874	16.655	14.526	8.694000000000001	3.378 
14.892	17.423	17.941	21.446	15.827	4.378 
15.236	18.788	22.203	18.853	8.032	1.432 
7.914	12.207	11.616	13.287	12.113	2.458 
12.659	15.204	11.547	17.488	11.169	2.384 
16.832	15.682	15.752	17.661	8.358000000000001	3.264 
13.846	14.096	18.589	19.711	10.171	4.855 
18.322	12.712	18.927	16.9	14.756	5.628 
9.6	14.073	11.784	11.971	11.091	3.798 
18.65	14.105	15.35	13.254	12.147	3.69 
15.33	16.49	17.179	19.29	12.665	2.879 
13.346	12.658	8.85	9.824	11.851	1.728 
16.088	14.978	13.819	15.437	10.541	4.813 
12.726	16.004	13.709	12.649	11.685	7.904 
12.822	16.254	6.95	10.588	13.618	5.941 
7.421	12.217	10.604	12.033	12.609	6.95 
12.318	16.73	10.613	11.133	11.778	3.41 
19.342	17.405	18.652	18.58	5.233	2.823 
18.369	16.806	18.573	16.725	5.855	4.192 
17.495	15.985	18.375	17.036	8.396000000000001	1.604 
18.761	17.86	13.506	13.111	9.669	3.2 
14.952	14.633	14.034	13.426	12.956	6.919 
18.206	16.397	13.491	18.862	11.867	2.043 
9.526	14.582	11.054	14.131	10.005	2 
13.355	15.13	13.431	13.018	9.166	1.525 
19.065	17.525	16	16.024	12.425	6.692 
14.266	15.503	11.688	14.881	13.363	1.869 
10.089	13.928	6.991	10.894	15.387	2.788 
17.602	17.058	20.211	14.729	9.798999999999999	2.549 
9.103	5.411	7.317	7.514	14.971	3.384 
16.31	11.401	13.443	15.055	11.462	3.542 
10.597	8.939	10.643	12.009	11.64	3.534 
12.812	11.856	6.764	13.067	13.11	5.752 
13.328	15.443	14.673	18.953	7.088	2.654 
12.485	20.525	11.503	14.706	8.032999999999999	3.144 
15.696	16.784	15.749	13.332	11.094	2.15 
7.325	12.062	9.536	15.658	13.056	5.04 
14.551	18.817	16.56	18.791	8.632999999999999	2.193 
14.436	18.944	18.234	20.05	8.566000000000001	2.845 
8.922000000000001	9.050000000000001	14.736	16.832	9.862	5.534 
13.661	10.62	11.271	15.586	13.005	4.445 
9.929	14.379	12.811	19.001	11.789	2.438 
16.847	13.353	12.886	10.474	16.554	7.743 
13.411	12.152	13.701	11.613	11.787	1.323 
13.93	11.608	11.665	16.618	9.096	1.908 
6.459	10.775	10.696	13.697	15.024	4.374 
15.532	14.107	11.1	11.643	11.662	1.427 
15.309	14.405	14.518	11.431	11.643	3.977 
16.272	11.11	15.152	12.451	15.607	5.929 
10.961	16.419	10.346	13.769	14.944	8.115 
14.992	15.469	13.54	13.555	11.879	2.279 
10.783	15.58	6.268	15.654	8.114000000000001	4.336 
12.397	11.736	10.093	13.461	12.13	4.392 
13.735	14.228	17.873	18.862	8.526999999999999	-1.757 
8.021000000000001	13.678	13.293	11.591	13.674	6.451 
14.125	13.282	12.789	11.891	14.361	4.798 
8.968	14.342	9.601000000000001	17.242	16.395	6.389 
13.207	15.185	12.483	15.794	9.044	6.378 
7.802	13.338	11.531	10.827	6.632	3.88 
14.853	15.016	18.935	19.871	7.957	-9.8E-02 
15.298	15.463	14.235	13.358	10.903	5.315 
9.507999999999999	14.514	11.369	15.39	14.407	7.063 
8.459	13.487	3.735	7.32	12.429	4.087 
11.035	17.372	13.971	18.323	11.124	2.04 
14.676	16.769	16.454	16.83	14.233	5.313 
15.042	15.193	19.678	16.257	6.775	2.924 
11.331	14.987	18.532	16.663	6.801	1.769 
18.969	17.638	17.517	18.062	8.396000000000001	0.19 
11.785	17.284	17.339	17.152	8.006	1.84 
12.056	10.948	12.538	13.856	9.881	0.658 
15.619	17.52	15.072	15.074	7.242	4.338 
9.449999999999999	11.166	11.781	14.535	10.2	4.492 
8.898	6.99	11.123	11.047	12.534	5.691 
18.544	19.779	17.518	18.98	6.615	2.915 
22.27	20.986	20.111	19.248	-8.799999999999999E-02	-1.025 
17.928	16.08	18.525	19.496	13.193	5.436 
16.89	16.666	13.938	17.644	13.651	2.511 
15.877	11.815	18.743	15.99	4.302	0.151 
13.753	11.66	14.217	16.047	16.132	7.344 
17.512	17.356	12.567	13.803	8.798999999999999	3.707 
12.107	11.284	11.137	10.998	12.614	6.119 
10.431	9.449	14.422	14.157	10.886	1.97 
10.77	13.333	12.92	12.381	9.755000000000001	0.273 
14.532	15.219	15.196	15.368	8.593999999999999	1.675 
13.309	18.28	14.9	13.326	6.173	5.797 
15.586	18.281	16.943	14.564	6.361	1.517 
15.133	16.762	20.1	17.982	9.85	3.015 
12.611	14.499	11.949	13.621	15.578	6.215 
15.372	16.76	18.019	17.485	12.195	6.097 
13.151	10.666	18.749	18.6	12.801	5.045 
13.818	14.408	18.49	17.938	11.663	3.073 
14.882	15.171	15.287	13.272	15.628	2.531 
11.434	17.757	15.322	16.133	6.309	1.543 
11.666	16.653	15.046	23.678	10.068	5.73 
11.848	15.912	14.456	16.155	6.149	1.782 
11.143	15.919	14.663	13.195	13.152	5.503 
16.222	14.491	15.413	15.161	10.635	3.387 
15.288	17.784	12.977	11.355	19.938	7.113 
8.342000000000001	12.782	8.775	16.382	10.78	6.27 
22.511	19.404	18.782	17.641	5.515	-1.769 
18.468	19.32	17.265	16.765	9.295999999999999	-1.168 
15.708	17.341	10.166	11.813	8.856999999999999	4.898 
14.446	15.801	14.312	14.593	7.418	2.773 
19.097	17.829	14.749	18.475	10.189	6.1 
16.775	13.191	14.365	11.268	8.861000000000001	7.566 
10.256	13.617	14.771	13.657	10.581	5.77 
11.88	17.913	9.372	10.363	5.296	1.934 
12.897	16.688	15.888	16.796	10.763	8.2E-02 
12.793	17.155	16.874	13.566	11.591	1.824 
16.335	14.058	16.634	17.438	9.673999999999999	5.117 
10.691	13.146	14.747	13.206	10.337	1.81 
13.689	18.409	13.073	16.168	13.757	2.864 
15.382	16.245	16.377	18.374	7.422	1.975 
11.922	14.409	12.11	13.611	6.606	2.093 
15.575	18.171	12.568	16.323	7.428	2.349 
11.215	14.597	11.281	12.573	8.683	3.86 
14.474	12.117	17.238	18.096	13.217	6.299 
11.645	17.426	16.277	21.092	13.102	2.066 
14.191	14.945	16.544	14.088	11.628	4.518 
14.764	13.338	12.968	11.224	12.789	6.902 
12.982	13.996	11.227	12.723	13.911	2.417 
11.167	11.027	13.545	16.572	11.558	6.089 
16.861	17.547	19.552	15.65	7.371	4.167 
8.597	13.932	9.871	12.873	9.881	3.563 
10.834	10.675	13.948	16.743	9.247999999999999	0.852 
13.42	14.86	15.95	15.499	9.170999999999999	3.939 
12.148	16.87	11.441	15.407	12.941	3.229 
14.285	15.357	16.532	16.379	10.489	4.366 
9.189	14.589	10.839	14.548	13.722	6.447 
17.054	14.497	9.08	13.976	10.134	3.258 
10.057	13.33	11.173	12.542	19.78	6.785 
15.958	17.274	18.468	17.779	6.579	1.808 
14.135	12.402	13.886	11.707	10.567	3.809 
16.789	15.718	13.709	13.76	6.276	0.6870000000000001 
17.694	16.305	21.553	17.465	15.927	4.652 
13.179	13.571	12.626	15.761	11.311	4.748 
16.65	14.634	15.119	13.904	8.223000000000001	3.075 
12.377	12.708	11.242	13.978	8.128	2.603 
10.226	11.657	11.142	15.301	11.524	4.809 
18.493	16.851	19.996	15.897	3.12	1.756 
13.541	17.919	19.831	17.981	12.313	2.085 
13.123	13.219	16.127	18.72	11.883	6.2 
18.443	17.779	12.658	17.786	8.465	5.3 
9.743	11.187	14.649	14.44	15.446	5.621 
13.763	11.743	15.319	15.091	8.654	0.62 
13.568	15.075	13.211	14.405	7.297	3.862 
13.048	14.002	11.996	12.947	6.457	-2.004 
12.688	11.796	10.765	9.584	15.584	6.263 
12.698	11.026	5.46	4.514	14.97	7.46 
19.234	17.095	20.873	16.485	11.84	4.504 
21.455	17.945	13.945	14.879	10.543	1.272 
16.386	17.909	13.444	12.968	12.574	5.313 
8.188000000000001	12.039	14.537	12.089	12.338	2.819 
11.795	13.245	13.27	14.679	9.228999999999999	-9.9E-02 
16.137	11.857	12.501	15.185	13.931	7.106 
15.361	16.207	14.575	13.901	11.675	2.71 
10.757	9.554	10.3	14.539	14.127	5.241 
9.672000000000001	7.89	10.138	8.661	13.911	1.607 
11.72	10.839	10.568	12.197	16.005	6.486 
16.399	18.463	12.31	13.561	10.938	1.796 
12.298	14.196	12.097	13.635	15.398	0.473 
12.218	18.599	15.894	18.447	2.477	0.855 
12.926	15.149	11.166	12.835	13.656	4.706 
14.313	13.582	18.438	18.569	14.076	7.746 
14.153	16.17	19.286	19.225	6.996	1.022 
17.887	16.868	11.131	12.486	6.459	3.048 
11.273	11.128	11.85	13.559	12.436	2.538 
13.029	12.724	15.574	16.547	10.488	5.12 
11.963	17.93	16.318	14.826	10.266	6.302 
14.599	15.344	10.744	11.799	12.923	2.283 
12.573	12.738	11.029	12.802	5.935	-1.016 
15.809	15.107	12.195	11.762	12.875	4.632 
17.712	18.899	13.808	18.425	10.879	2.819 
5.334	9.234	12.213	12.161	9.118	7.257 
13.911	12.15	18.662	16.837	12.598	5.242 
7.6	6.662	9.211	9.673	17.691	4.14 
11.557	15.009	12.939	15.171	9.143000000000001	3.543 
20.761	18.521	18.679	15.031	7.035	3.259 
15.257	14.08	17.388	19.409	9.16	3.959 
12.367	17.535	14.752	18.954	4.244	1.205 
15.764	16.311	19.296	16.209	10.196	5.079 
11.445	9.670999999999999	15.708	12.928	10.147	2.985 
16.113	18.816	17.055	16.756	12.093	2.793 
15.797	12.976	11.812	14.664	10.998	3.028 
8.851000000000001	11.95	6.727	12.428	12.607	2.683 
10.211	13.494	12.069	13.315	11.624	1.669 
17.391	18.284	12.866	13.251	10.741	2.167 
6.753	7.741	7.46	12.444	12.952	5.865 
18.623	19.747	15.348	15.341	10.169	0.981 
10.445	14.295	14.317	16.609	12.696	2.502 
13.707	20.147	11.732	13.062	2.695	1.438 
14.465	14.579	13.512	14.593	10.305	3.408 
14.116	13.069	20.43	14.088	11.145	7.5E-02 
10.809	13.719	9.558	10.038	12.411	5.021 
12.514	11.456	10.461	10.523	4.758	1.97 
13.393	20.426	17.446	16.607	4.793	0.261 
9.250999999999999	14.322	12.595	13.924	13.634	3.632 
13.383	12.626	10.857	13.66	11.142	6.138 
11.763	11.124	14.413	14.933	10.485	3.504 
14.942	13.916	11.08	14.513	11.306	3.277 
15.674	15.646	14.439	17.618	11.404	1.998 
15.565	17.45	16.622	16.369	10.516	4.475 
8.487	10.915	14.599	15.923	7.383	4.683 
12.916	15.398	17.961	19.542	14.592	2.827 
19.418	15.431	14.402	11.813	14.604	3.444 
16.818	19.85	12.649	16.504	8.759	3.427 
14.455	11.251	10.674	8.766	16.579	7.345 
10.796	9.445	11.95	9.657	15.647	8.630000000000001 
12.755	16.768	15.209	18.083	9.451000000000001	4.701 
13.132	12.855	14.485	15.021	8.759	4.291 
18.938	20.342	22.277	16.587	4.005	-0.66 
13.726	14.587	18.279	14.256	3.536	-0.587 
16.569	15.472	18.4	15.86	9.249000000000001	3.971 
13.374	12.838	11.003	13.873	13.228	7.019 
7.512	11.755	7.638	12.915	10.868	6.71 
17.069	15.904	13.023	14.999	10.556	2.466 
14.657	17.316	13.879	16.288	11.882	4.761 
14.069	15.403	11.799	14.218	10.648	3.094 
14.609	14.451	16.956	14.551	11.594	0.533 
13.531	16.073	9.504	9.69	13.606	4.684 
9.654999999999999	11.464	9.231	12.066	10.557	2.002 
5.997	16.577	14.356	15.85	14.842	5.478 
14.247	14.564	14.407	17.737	6.986	2.607 
19.38	15.072	18.078	16.433	6.989	1.225 
11.366	13.251	8.321	7.432	14.227	5.14 
13.076	13.076	14.292	11.403	12.117	4.042 
9.69	13.786	8.122	14.738	13.484	2.552 
19.663	19.353	14.443	15.59	8.039999999999999	1.976 
10.241	13.12	14.822	12.98	11.155	7.754 
11.634	13.993	11.72	13.41	17.328	6.365 
14.408	16.064	9.878	15.509	8.06	6.475 
16.609	14.873	13.279	14.978	9.077999999999999	2.736 
14.794	15.17	13.916	12.924	8.82	3.002 
6.945	7.562	10.8	13.256	14.109	2.487 
16.065	13.439	15.057	15.739	8.430999999999999	-7.5E-02 
17.226	19.598	13.419	19.998	5.606	-0.774 
14.088	11.75	13.064	13.144	13.999	4.584 
10.301	16.735	11.783	14.15	7.862	1.55 
12.945	10.69	11.655	11.404	8.551	1.173 
11.456	15.348	12.749	17.981	12.827	2.122 
10.973	11.096	15.071	13.074	13.357	6.464 
17.024	15.217	14.392	13.865	11.558	5.719 
15.775	16.909	15.21	15.655	4.946	3.182 
12.117	14.495	17.49	17.015	11.941	3.412 
9.013999999999999	12.285	8.16	15.904	17.766	5.668 
14.417	14.545	14.443	15.899	9.343	4.727 
14.37	15.183	11.149	14.178	7.208	1.553 
18.345	20.482	18.923	18.509	12.946	5.938 
13.01	11.154	8.298	11.374	11.621	4.556 
11.699	12.776	9.385999999999999	15.102	5.431	3.583 
11.423	11.13	17.84	17.778	14.473	6.672 
10.717	16.922	7.972	12.659	12.396	6.281 
14.097	15.757	17.74	15.084	11.039	3.783 
14.725	14.321	12.485	16.681	13.656	3.877 
11.179	14.598	18.212	14.695	10.094	4.795 
20.608	19.752	16.935	16.748	10.728	3.672 
12.436	16.886	15.338	17.689	11.748	4.474 
16.747	14.748	11.206	16.268	10.49	1.789 
12.992	12.991	13.278	15.253	11.752	6.786 
10.402	16.768	11.682	12.777	11.721	3.615 
13.318	16.11	16.293	15.587	9.202999999999999	2.887 
12.495	13.426	10.862	15.619	12.915	4.979 
15.652	13.66	20.687	15.936	12.861	3.618 
14.144	17.346	10.661	17.833	13.188	2.539 
16.411	14.876	19.769	15.668	16.683	6.838 
14.696	14.078	11.701	11.866	10.724	5.307 
11.01	10.461	16.034	15.86	11.37	3.527 
11.973	11.454	7.491	16.224	10.436	6.551 
8.43	9.888	11.467	16.486	9.59	6.71 
12.228	10.53	10.605	10.594	10.357	0.718 
6.198	12.576	10.465	13.604	10.404	3.583 
14.078	8.621	12.028	13.035	12.131	3.469 
23.758	22.198	19.976	18.349	9.337999999999999	4.277 
14.589	14.132	14.112	14.835	8.244	4.871 
