Group 1: Pasteur Low: Correlations
100 32 100 48 33 100 28 01 06 100 26 01 01 75 100 40 26 10 60 63 100
42 32 22 15 07 36 100 12 05 03 -08 06 19 29 100 23 -04 01 -05 10 24 19 38 100
Group 1: Pasteur Low: Standard deviations
106 120 102 103 108 99 117 100 104
Group 1: Pasteur Low: Means
420 525 496 298 320 445 1342 174 210
Group 2: Pasteur High: Correlations
100 24 100 23 22 100 32 05 23 100 35 23 18 68 100 36 10 11 59 66 100
22 01 -07 09 11 12 100 -02 -01 -13 05 08 03 19 100 09 -14 -06 16 02 12 15 29 100
Group 2: Pasteur High: Standard deviations
96 86 99 96 106 101 101 110 100
Group 2: Pasteur High: Means
430 503 506 341 338 476 1362 214 216
Group 3: Grant-White Low: Correlations
100 34 100 41 21 100 38 32 31 100 40 16 24 69 100 42 13 35 55 65 100
 35 27 30 17 20 31 100 16 01 09 31 30 34 31 100 35 27 09 34 27 27 38 38 100
Group 3: Grant-White Low: Standard deviations
95 103 92 99 96 95 81 83 88
Group 3: Grant-White Low: Means
429 532 502 372 378 517 1370 130 187
Group 4: Grant-White High: Correlations
100 32 100 34 18 100 31 24 31 100 22 16 29 62 100 27 20 32 57 61 100
 48 31 32 18 20 29 100 20 01 15 06 19 15 36 100 42 28 40 11 07 18 35 44 100
Group 4: Grant-White High: Standard deviations
103 86 106 101 91 105 98 104 107
Group 4: Grant-White High: Means
421 533 509 415 388 559 1372 178 244
